7 0.22265625 0.42421875 0.3640625 0.0828125
7 0.74921875 0.32109375 0.378125 0.0796875
7 0.19921875 0.90390625 0.225 0.0546875
7 0.74140625 0.8203125 0.2234375 0.0765625
12 0.23984375 0.57109375 0.21875 0.090625
12 0.7734375 0.51015625 0.225 0.0796875
10 0.03828125 0.58515625 0.0765625 0.1140625
10 0.56875 0.50703125 0.0859375 0.0953125
14 0.04296875 0.75390625 0.0859375 0.2140625
14 0.57265625 0.6609375 0.1171875 0.215625
4 0.1703125 0.65859375 0.14375 0.034375
4 0.68984375 0.59609375 0.115625 0.034375
9 0.2890625 0.6875 0.0984375 0.0421875
9 0.82109375 0.61796875 0.065625 0.0546875
11 0.16953125 0.72734375 0.0546875 0.046875
11 0.69765625 0.653125 0.0578125 0.046875
6 0.3875 0.7859375 0.121875 0.1609375
6 0.925 0.74375 0.1296875 0.1640625
6 0.9171875 0.12890625 0.121875 0.1765625
6 0.37265625 0.2171875 0.1328125 0.1625