7 0.19375 0.4015625 0.3875 0.103125
7 0.7421875 0.27734375 0.40703125 0.0875
7 0.18125 0.94609375 0.27265625 0.0578125
7 0.7671875 0.83203125 0.2625 0.08046875
10 0.02109375 0.6 0.0421875 0.1015625
10 0.55703125 0.496875 0.10859375 0.103125
14 0.028125 0.78828125 0.05625 0.24453125
14 0.5578125 0.66015625 0.15 0.2328125
4 0.1265625 0.67578125 0.13984375 0.0296875
4 0.6953125 0.58046875 0.12265625 0.04375
9 0.27109375 0.7078125 0.1453125 0.05625
9 0.83828125 0.59765625 0.12734375 0.03125
6 0.37265625 0.79453125 0.13984375 0.17109375
6 0.9453125 0.73359375 0.109375 0.1765625
11 0.13046875 0.75078125 0.05078125 0.02421875
11 0.703125 0.640625 0.0609375 0.046875
12 0.18125 0.58203125 0.21875 0.08203125
12 0.753125 0.48515625 0.21484375 0.1015625