7 0.18359375 0.45859375 0.3671875 0.0890625
7 0.73671875 0.35 0.40546875 0.08515625
7 0.14609375 0.971875 0.23984375 0.05546875
7 0.72890625 0.88515625 0.23984375 0.08203125
12 0.19140625 0.61796875 0.23515625 0.09609375
12 0.7640625 0.55234375 0.23984375 0.08515625
10 0.00703125 0.63046875 0.0140625 0.1234375
10 0.54375 0.5484375 0.09296875 0.103125
14 0.01328125 0.8140625 0.02578125 0.22890625
14 0.5484375 0.7140625 0.12578125 0.23046875
4 0.115625 0.71171875 0.15390625 0.0375
4 0.6734375 0.64453125 0.12421875 0.0375
9 0.24375 0.74296875 0.10625 0.04375
9 0.81484375 0.6671875 0.0703125 0.05703125
11 0.115625 0.78515625 0.05859375 0.05078125
11 0.68203125 0.70625 0.06171875 0.05078125
6 0.35 0.84765625 0.13046875 0.171875
6 0.9265625 0.803125 0.140625 0.175
6 0.9171875 0.14375 0.13046875 0.18984375
6 0.33359375 0.2375 0.1421875 0.175