2 0.24921875 0.43515625 0.34375 0.078125
2 0.74765625 0.3375 0.3578125 0.075
2 0.22734375 0.88984375 0.2125 0.0515625
2 0.740625 0.81015625 0.21171875 0.07109375
7 0.265625 0.575 0.20703125 0.08515625
7 0.77109375 0.5171875 0.2125 0.075
5 0.06796875 0.5890625 0.08671875 0.1078125
5 0.57734375 0.51328125 0.08203125 0.08984375
9 0.0640625 0.7484375 0.11328125 0.20078125
9 0.58125 0.66015625 0.11171875 0.20390625
12 0.2 0.65703125 0.1359375 0.03203125
12 0.69140625 0.5984375 0.109375 0.0328125
4 0.31171875 0.684375 0.09296875 0.0390625
4 0.815625 0.61875 0.0609375 0.05078125
6 0.19921875 0.721875 0.0515625 0.04453125
6 0.69921875 0.65234375 0.0546875 0.04453125
14 0.40546875 0.778125 0.11484375 0.1515625
14 0.91484375 0.73828125 0.1234375 0.1546875
14 0.90703125 0.15625 0.11484375 0.1671875
14 0.39140625 0.23984375 0.125 0.15390625