7 0.2125 0.4171875 0.425 0.10078125
7 0.7703125 0.29609375 0.39765625 0.08515625
7 0.22265625 0.9484375 0.26640625 0.05625
7 0.7953125 0.8375 0.25625 0.078125
10 0.04375 0.6109375 0.08671875 0.09921875
10 0.58984375 0.51015625 0.10546875 0.10078125
14 0.05 0.79453125 0.1 0.2390625
14 0.590625 0.66953125 0.146875 0.22734375
4 0.16953125 0.68515625 0.13671875 0.02890625
4 0.72421875 0.5921875 0.11953125 0.04296875
9 0.3109375 0.71640625 0.14140625 0.0546875
9 0.8640625 0.609375 0.12421875 0.03046875
6 0.409375 0.8015625 0.13671875 0.1671875
6 0.9578125 0.74140625 0.08359375 0.17265625
11 0.1734375 0.75859375 0.04921875 0.02421875
11 0.73203125 0.65078125 0.059375 0.04609375
12 0.22265625 0.59375 0.21328125 0.08046875
12 0.78125 0.49921875 0.21015625 0.09921875