7 0.21640625 0.43125 0.3953125 0.0921875
7 0.73125 0.3203125 0.365625 0.078125
7 0.228125 0.9203125 0.2453125 0.0515625
7 0.7546875 0.81796875 0.2359375 0.071875
10 0.0515625 0.61015625 0.103125 0.090625
10 0.56484375 0.5171875 0.0984375 0.0921875
14 0.0578125 0.7796875 0.115625 0.2203125
14 0.565625 0.66328125 0.1359375 0.2078125
4 0.17890625 0.678125 0.125 0.0265625
4 0.68984375 0.59296875 0.1109375 0.0390625
9 0.30859375 0.70703125 0.1296875 0.05
9 0.81796875 0.6078125 0.1140625 0.028125
6 0.4 0.78515625 0.125 0.1546875
6 0.928125 0.7296875 0.1234375 0.159375
11 0.1828125 0.7453125 0.046875 0.021875
11 0.69609375 0.646875 0.0546875 0.0421875
12 0.228125 0.59375 0.196875 0.0734375
12 0.7421875 0.50703125 0.1921875 0.090625