7 0.2 0.4421875 0.38046875 0.08671875
7 0.7515625 0.33359375 0.39609375 0.0828125
7 0.17578125 0.9453125 0.23515625 0.05703125
7 0.74375 0.85703125 0.23515625 0.0796875
12 0.21796875 0.596875 0.23046875 0.0953125
12 0.77734375 0.5328125 0.23515625 0.0828125
10 0.0234375 0.61171875 0.046875 0.11953125
10 0.56328125 0.52890625 0.09140625 0.1
14 0.02890625 0.78828125 0.05703125 0.2234375
14 0.5671875 0.69140625 0.12421875 0.2265625
4 0.1453125 0.6875 0.15078125 0.034375
4 0.6890625 0.62265625 0.12109375 0.03671875
9 0.26875 0.71796875 0.10390625 0.04296875
9 0.82734375 0.6453125 0.0671875 0.05703125
11 0.14453125 0.759375 0.05703125 0.0484375
11 0.6984375 0.6828125 0.0609375 0.05
6 0.37265625 0.821875 0.128125 0.16796875
6 0.934375 0.77734375 0.13125 0.17109375
6 0.928125 0.13359375 0.128125 0.18515625
6 0.35703125 0.22578125 0.13828125 0.17109375