2 0.22265625 0.42421875 0.36328125 0.08203125
2 0.74921875 0.32109375 0.378125 0.0796875
2 0.19921875 0.90390625 0.22421875 0.05390625
2 0.74140625 0.8203125 0.22421875 0.07578125
7 0.23984375 0.57109375 0.21796875 0.08984375
7 0.7734375 0.51015625 0.22421875 0.07890625
5 0.03828125 0.58515625 0.07578125 0.1140625
5 0.56875 0.50703125 0.0859375 0.0953125
9 0.04296875 0.75390625 0.0859375 0.21328125
9 0.57265625 0.6609375 0.1171875 0.21484375
12 0.1703125 0.65859375 0.14296875 0.034375
12 0.68984375 0.59609375 0.115625 0.034375
4 0.2890625 0.6875 0.0984375 0.04140625
4 0.82109375 0.61796875 0.06484375 0.05390625
6 0.16953125 0.72734375 0.05390625 0.046875
6 0.69765625 0.653125 0.0578125 0.046875
14 0.3875 0.7859375 0.12109375 0.16015625
14 0.925 0.74375 0.1296875 0.16328125
14 0.9171875 0.12890625 0.121875 0.1765625
14 0.37265625 0.2171875 0.13203125 0.1625