7 0.20625 0.4484375 0.4125 0.09921875
7 0.753125 0.33046875 0.39296875 0.08359375
7 0.21171875 0.97265625 0.2640625 0.0546875
7 0.77890625 0.86484375 0.253125 0.07734375
10 0.0390625 0.63984375 0.078125 0.0984375
10 0.575 0.5421875 0.10546875 0.09921875
14 0.04609375 0.82265625 0.0921875 0.23671875
14 0.57578125 0.6984375 0.14609375 0.2234375
4 0.16015625 0.71484375 0.134375 0.02890625
4 0.70859375 0.6234375 0.11875 0.0421875
9 0.29921875 0.74609375 0.1390625 0.05390625
9 0.84609375 0.6390625 0.12265625 0.03046875
6 0.39765625 0.8296875 0.134375 0.16640625
6 0.9484375 0.7703125 0.10234375 0.17109375
11 0.1640625 0.78671875 0.05 0.0234375
11 0.715625 0.68125 0.05859375 0.0453125
12 0.21328125 0.62421875 0.21171875 0.07890625
12 0.76484375 0.53125 0.20625 0.09765625