7 0.21796875 0.43046875 0.39765625 0.09296875
7 0.7359375 0.31953125 0.36796875 0.07890625
7 0.2296875 0.92265625 0.246875 0.0515625
7 0.759375 0.8203125 0.2375 0.07265625
10 0.0515625 0.61015625 0.103125 0.0921875
10 0.56875 0.5171875 0.09921875 0.09296875
14 0.0578125 0.78125 0.115625 0.221875
14 0.56953125 0.6640625 0.13671875 0.209375
4 0.1796875 0.67890625 0.12578125 0.0265625
4 0.69453125 0.59375 0.11171875 0.0390625
9 0.31015625 0.70859375 0.13046875 0.05
9 0.8234375 0.60859375 0.11484375 0.028125
6 0.40234375 0.78671875 0.12578125 0.15546875
6 0.93359375 0.73125 0.12421875 0.16015625
11 0.18359375 0.746875 0.046875 0.021875
11 0.70078125 0.64765625 0.0546875 0.0421875
12 0.2296875 0.59453125 0.1984375 0.07421875
12 0.746875 0.50703125 0.19375 0.09140625