7 0.18203125 0.42265625 0.3640625 0.0859375
7 0.72421875 0.31640625 0.39375 0.0828125
7 0.15234375 0.9234375 0.23359375 0.05703125
7 0.71640625 0.8359375 0.23359375 0.07890625
12 0.19453125 0.57734375 0.22890625 0.09453125
12 0.75 0.5140625 0.23359375 0.0828125
10 0.01171875 0.5921875 0.0234375 0.11875
10 0.53671875 0.509375 0.09140625 0.1
14 0.0171875 0.7671875 0.034375 0.221875
14 0.54140625 0.67109375 0.1234375 0.225
4 0.121875 0.6671875 0.14921875 0.034375
4 0.6625 0.603125 0.1203125 0.0359375
9 0.24453125 0.69765625 0.103125 0.04296875
9 0.79921875 0.62578125 0.0671875 0.05703125
11 0.12109375 0.7390625 0.05703125 0.0484375
11 0.67109375 0.6625 0.06015625 0.05
6 0.34765625 0.80078125 0.12734375 0.16640625
6 0.9078125 0.75703125 0.1359375 0.1703125
6 0.89921875 0.1171875 0.12734375 0.18359375
6 0.3328125 0.20859375 0.1375 0.1703125