7 0.24921875 0.43515625 0.34375 0.078125
7 0.74765625 0.3375 0.3578125 0.075
7 0.22734375 0.88984375 0.2125 0.0515625
7 0.740625 0.81015625 0.2125 0.071875
12 0.265625 0.575 0.2078125 0.0859375
12 0.77109375 0.5171875 0.2125 0.075
10 0.06796875 0.5890625 0.0875 0.1078125
10 0.57734375 0.51328125 0.0828125 0.090625
14 0.0640625 0.7484375 0.1140625 0.2015625
14 0.58125 0.66015625 0.1125 0.2046875
4 0.2 0.65703125 0.1359375 0.03125
4 0.69140625 0.5984375 0.109375 0.0328125
9 0.31171875 0.684375 0.09375 0.0390625
9 0.815625 0.61875 0.0609375 0.0515625
11 0.19921875 0.721875 0.0515625 0.04375
11 0.69921875 0.65234375 0.0546875 0.0453125
6 0.40546875 0.778125 0.115625 0.1515625
6 0.91484375 0.73828125 0.1234375 0.1546875
6 0.90703125 0.15625 0.115625 0.1671875
6 0.39140625 0.23984375 0.125 0.1546875