2 0.21640625 0.43125 0.3953125 0.0921875
2 0.73125 0.3203125 0.365625 0.078125
2 0.228125 0.9203125 0.24453125 0.05078125
2 0.7546875 0.81796875 0.2359375 0.071875
5 0.0515625 0.61015625 0.10234375 0.08984375
5 0.56484375 0.5171875 0.09765625 0.0921875
9 0.0578125 0.7796875 0.11484375 0.2203125
9 0.565625 0.66328125 0.13515625 0.2078125
12 0.17890625 0.678125 0.125 0.02578125
12 0.68984375 0.59296875 0.11015625 0.0390625
4 0.30859375 0.70703125 0.1296875 0.04921875
4 0.81796875 0.6078125 0.11484375 0.02734375
14 0.4 0.78515625 0.12578125 0.1546875
14 0.928125 0.7296875 0.1234375 0.15859375
6 0.1828125 0.7453125 0.04609375 0.021875
6 0.69609375 0.646875 0.05546875 0.0421875
7 0.228125 0.59375 0.19609375 0.07265625
7 0.7421875 0.50703125 0.1921875 0.090625