2 0.19453125 0.46640625 0.37265625 0.084375
2 0.734375 0.3609375 0.3875 0.08125
2 0.1703125 0.95859375 0.2296875 0.05546875
2 0.7265625 0.87265625 0.2296875 0.07734375
7 0.2125 0.6171875 0.22421875 0.0921875
7 0.76015625 0.5546875 0.2296875 0.08125
5 0.021875 0.63046875 0.04375 0.1171875
5 0.55 0.55078125 0.08828125 0.09765625
9 0.02734375 0.8046875 0.0546875 0.21875
9 0.55390625 0.709375 0.1203125 0.2203125
12 0.140625 0.70703125 0.146875 0.03515625
12 0.6734375 0.64296875 0.11875 0.03515625
4 0.2625 0.73671875 0.10078125 0.0421875
4 0.80859375 0.66484375 0.06640625 0.05546875
6 0.140625 0.77734375 0.05546875 0.04765625
6 0.68203125 0.7015625 0.059375 0.0484375
14 0.3640625 0.8375 0.12421875 0.1640625
14 0.915625 0.79453125 0.13359375 0.1671875
14 0.90703125 0.1640625 0.125 0.18046875
14 0.3484375 0.25390625 0.13515625 0.16640625