7 0.21640625 0.41640625 0.371875 0.084375
7 0.7546875 0.3109375 0.38671875 0.08125
7 0.1921875 0.90625 0.2296875 0.05625
7 0.746875 0.82109375 0.228125 0.078125
12 0.234375 0.56640625 0.2234375 0.09296875
12 0.7796875 0.50390625 0.2296875 0.08125
10 0.03359375 0.58046875 0.0671875 0.11640625
10 0.5703125 0.50078125 0.0875 0.09765625
14 0.03828125 0.753125 0.0765625 0.21875
14 0.57421875 0.6578125 0.11953125 0.2203125
4 0.16328125 0.65546875 0.146875 0.03515625
4 0.69375 0.5921875 0.11796875 0.03515625
9 0.284375 0.68515625 0.10078125 0.04296875
9 0.828125 0.6140625 0.0671875 0.05625
11 0.1625 0.72578125 0.05625 0.04765625
11 0.70234375 0.65 0.059375 0.04765625
6 0.38515625 0.7859375 0.12421875 0.16484375
6 0.93359375 0.7421875 0.1328125 0.16796875
6 0.9265625 0.1140625 0.12421875 0.18046875
6 0.36953125 0.2046875 0.1359375 0.16640625