7 0.2125 0.43671875 0.39375 0.0921875
7 0.72578125 0.32578125 0.3640625 0.078125
7 0.22421875 0.9234375 0.24375 0.0515625
7 0.7484375 0.821875 0.234375 0.071875
10 0.05 0.6140625 0.1 0.090625
10 0.56015625 0.521875 0.096875 0.0921875
14 0.05625 0.78359375 0.1125 0.21875
14 0.5609375 0.66796875 0.134375 0.2078125
4 0.17578125 0.68203125 0.125 0.0265625
4 0.68359375 0.596875 0.109375 0.0390625
9 0.3046875 0.7109375 0.1296875 0.05
9 0.81171875 0.6125 0.1140625 0.028125
6 0.3953125 0.78828125 0.125 0.153125
6 0.92109375 0.73359375 0.1234375 0.1578125
11 0.17890625 0.74921875 0.0453125 0.021875
11 0.690625 0.65078125 0.0546875 0.0421875
12 0.22421875 0.5984375 0.1953125 0.0734375
12 0.7359375 0.51171875 0.1921875 0.090625