2 0.2125 0.43671875 0.39296875 0.09140625
2 0.72578125 0.32578125 0.3640625 0.078125
2 0.22421875 0.9234375 0.24296875 0.05078125
2 0.7484375 0.821875 0.234375 0.07109375
5 0.05 0.6140625 0.09921875 0.08984375
5 0.56015625 0.521875 0.096875 0.0921875
9 0.05625 0.78359375 0.11171875 0.21875
9 0.5609375 0.66796875 0.134375 0.20703125
12 0.17578125 0.68203125 0.12421875 0.02578125
12 0.68359375 0.596875 0.109375 0.0390625
4 0.3046875 0.7109375 0.12890625 0.04921875
4 0.81171875 0.6125 0.1140625 0.02734375
14 0.3953125 0.78828125 0.125 0.15390625
14 0.92109375 0.73359375 0.12265625 0.1578125
6 0.17890625 0.74921875 0.0453125 0.021875
6 0.690625 0.65078125 0.0546875 0.0421875
7 0.22421875 0.5984375 0.1953125 0.07265625
7 0.7359375 0.51171875 0.19140625 0.08984375