7 0.19453125 0.471875 0.3796875 0.0859375
7 0.74296875 0.36484375 0.39375 0.0828125
7 0.16875 0.97109375 0.23359375 0.05703125
7 0.73515625 0.88515625 0.23359375 0.0796875
12 0.2125 0.62578125 0.22890625 0.09375
12 0.76875 0.56171875 0.23359375 0.0828125
10 0.0203125 0.6390625 0.040625 0.11875
10 0.55546875 0.5578125 0.090625 0.1
14 0.0265625 0.815625 0.05234375 0.221875
14 0.559375 0.71875 0.121875 0.2234375
4 0.13984375 0.71640625 0.14921875 0.03671875
4 0.68125 0.6515625 0.1203125 0.03671875
9 0.26328125 0.746875 0.103125 0.04296875
9 0.81796875 0.6734375 0.06796875 0.05546875
11 0.13984375 0.78828125 0.05703125 0.04921875
11 0.68984375 0.7109375 0.06015625 0.04921875
6 0.36640625 0.84921875 0.12734375 0.16640625
6 0.92734375 0.80546875 0.13671875 0.16953125
6 0.91796875 0.16484375 0.12734375 0.184375
6 0.35078125 0.25625 0.13828125 0.16953125