2 0.23671875 0.44375 0.3796875 0.08828125
2 0.73203125 0.33671875 0.3515625 0.075
2 0.24765625 0.9140625 0.234375 0.0484375
2 0.7546875 0.815625 0.2265625 0.06875
5 0.06875 0.61640625 0.11875 0.08515625
5 0.57265625 0.52578125 0.09375 0.0890625
9 0.07421875 0.7796875 0.13359375 0.21171875
9 0.57265625 0.6671875 0.13046875 0.2
12 0.20078125 0.68125 0.1203125 0.025
12 0.6921875 0.5984375 0.10625 0.0375
4 0.32578125 0.70859375 0.125 0.04765625
4 0.815625 0.61328125 0.11015625 0.0265625
14 0.41328125 0.78359375 0.12109375 0.14921875
14 0.92109375 0.73046875 0.11875 0.153125
6 0.20390625 0.74609375 0.04375 0.02109375
6 0.6984375 0.65078125 0.053125 0.040625
7 0.2484375 0.6 0.1890625 0.0703125
7 0.7421875 0.51640625 0.184375 0.08671875